0
1
3
4
6
13
14
19
26
29
30
31
32
34
39
40
44
49
50
55
58
66
68
70
75
79
81
83
87
92
101
104
111
114
117
118
119
120
123
124
125
126
128
133
135
138
142
152
153
154
155
159
160
162
164
165
166
167
173
174
175
177
179
180
181
183
184
186
187
190
192
194
195
196
204
206
207
209
210
211
213
214
221
223
232
236
238
239
243
247
252
254
255
256
259
261
263
265
266
267
270
272
274
276
278
281
282
283
289
295
298
305
306
307
312
313
315
316
317
319
322
323
326
327
329
331
333
335
339
345
346
347
352
357
358
360
363
364
372
373
374
378
380
384
385
387
390
391
392
396
398
401
402
403
406
409
411
412
414
417
418
423
424
428
431
433
434
435
436
438
440
443
444
445
446
449
450
451
453
454
455
457
460
463
468
469
471
474
477
478
480
487
488
489
493
496
497
500
503
504
508
509
510
521
522
530
535
545
547
549
550
551
560
561
562
564
565
568
569
571
574
575
577
585
592
594
595
596
602
603
607
612
613
614
615
622
624
625
627
631
633
636
637
641
645
646
648
654
655
660
661
667
668
675
678
679
685
691
692
693
696
697
700
708
709
714
717
718
722
724
729
730
738
739
741
742
746
748
750
751
755
759
760
762
767
769
770
772
773
775
776
778
780
787
792
797
804
805
807
808
819
822
823
826
828
831
840
844
851
855
857
858
859
861
864
865
871
873
874
875
882
883
886
888
890
891
894
897
911
913
914
916
923
924
928
929
934
935
937
938
939
942
943
953
954
956
957
961
962
965
966
967
971
976
977
978
988
992
995
1004
1009
1010
1012
1019
1025
1029
1032
1035
1036
1038
1044
1046
1047
1048
1052
1056
1058
1062
1065
1067
1068
1069
1071
1073
1076
1082
1085
1086
1087
1089
1090
1092
1093
1095
1099
1100
1101
1102
1103
1105
1108
1109
1112
1113
1114
1116
1121
1122
1125
1127
1129
1131
1132
1136
1137
1140
1141
1143
1150
1151
1152
1154
1156
1157
1158
1160
1162
1167
1170
1171
1173
1174
1177
1178
1182
1184
1189
1193
1194
1195
1200
1202
1207
1209
1211
1215
1217
1218
1221
1222
1223
1231
1235
1239
1249
1250
1251
1252
1256
1263
1268
1269
1270
1271
1275
1281
1282
1283
1285
1286
1288
1289
1290
1292
1297
1298
1299
1305
1315
1318
1324
1326
1327
1328
1329
1330
1331
1334
1338
1339
1340
1341
1344
1345
1346
1349
1350
1352
1355
1365
1368
1369
1371
1372
1373
1374
1377
1378
1379
1385
1386
1388
1391
1394
1399
1400
1403
1405
1407
1414
1415
1418
1421
1428
1429
1430
1431
1435
1436
1437
1438
1440
1441
1442
1443
1445
1446
1448
1449
1450
1451
1456
1458
1459
1461
1464
1468
1469
1470
1472
1474
1478
1482
1485
1486
1491
1493
1495
1496
1499
1500
1501
1502
1504
1506
1508
1510
1513
1516
1518
1519
1521
1525
1528
1535
1536
1537
1538
1539
1540
1549
1550
1551
1554
1555
1560
1564
1567
1569
1570
1571
1574
1577
1581
1585
1587
1590
1591
1592
1594
1595
1596
1600
1601
1605
1607
1616
1618
1619
1626
1627
1628
1633
1635
1639
1640
1645
1646
1647
1648
1651
1657
1658
1663
1665
1675
1676
1678
1681
1682
1684
1686
1687
1688
1690
1692
1695
1698
1701
1703
1706
1707
1708
1710
1711
1715
1719
1722
1725
1726
1731
1732
1734
1736
1738
1739
1740
1741
1742
1745
1747
1748
1753
1754
1755
1757
1759
1761
1762
1763
1765
1766
1773
1774
1776
1779
1785
1793
1800
1802
1804
1808
1809
1810
1812
1813
1814
1816
1823
1824
1825
1826
1828
1830
1831
1835
1838
1839
1843
1846
1847
1852
1863
1866
1867
1868
1872
1873
1876
1877
1878
1879
1880
1882
1885
1887
1889
1890
1897
1905
1907
1911
1912
1915
1918
1922
1931
1936
1940
1941
1943
1944
1946
1947
1951
1958
1959
1963
1964
1968
1970
1973
1974
1975
1981
1985
1987
1990
1991
1992
1994
1995
1998
2001
2002
2004
2005
2013
2020
2026
2027
2029
2030
2031
2033
2042
2043
2047
2051
2052
2053
2057
2059
2062
2065
2069
2070
2071
2072
2076
2077
2078
2080
2082
2088
2092
2093
2096
2097
2101
2102
2104
2106
2112
2114
2115
2116
2117
2123
2124
2126
2128
2129
2133
2139
2140
2142
2148
2153
2154
2157
2160
2162
2167
2171
2175
2178
2191
2196
2197
2198
2199
2205
2209
2211
2212
2215
2216
2220
2222
2223
2224
2227
2228
2229
2231
2234
2247
2248
2250
2251
2252
2255
2256
2259
2262
2263
2266
2271
2272
2287
2288
2291
2292
2294
2297
2299
2304
2305
2310
2313
2315
2322
2323
2324
2327
2330
2331
2333
2335
2339
2342
2348
2350
2352
2354
2355
2357
2358
2359
2360
2362
2365
2375
2377
2380
2382
2383
2388
2391
2394
2395
2397
2398
2399
2401
2409
2410
2412
2414
2415
2416
2418
2419
2422
2423
2424
2428
2432
2440
2441
2443
2449
2450
2453
2457
2459
2461
2464
2467
2469
2470
2471
2477
2483
2493
2494
2495
2497
2499
2500
2502
2505
2507
2508
2510
2513
2515
2519
2521
2522
2527
2529
2534
2535
2536
2537
2538
2545
2553
2554
2557
2558
2560
2562
2570
2574
2575
2580
2581
2582
2590
2593
2597
2600
2601
2602
2608
2610
2617
2623
2624
2625
2631
2634
2635
2636
2638
2647
2650
2653
2655
2656
2657
2658
2659
2661
2664
2665
2668
2670
2673
2678
2680
2681
2682
2688
2693
2694
2695